	U	E	N	U-Us	U/N
	uV	meV			
3040	5,5	941	90,2	1,5	0,016629711751663
3030	5,5	951	90,1	1,5	0,0166481687014428
3020	5,5	963	90	1,5	0,0166666666666667
3010	6	974	90	2	0,0222222222222222
3000	6	985	90,1	2	0,0221975582685905
2990	6,5	995	89,9	2,5	0,0278086763070078
2980	7	1006	89,9	3	0,0333704115684093
2970	7,5	1017	90	3,5	0,0388888888888889
2960	10	1030	89,9	6	0,0667408231368187
2950	13	1038	90	9	0,1
2940	20	1049	90	16	0,177777777777778
2930	35	1059	90	31	0,344444444444444
2920	82	1070	89,9	78	0,867630700778643
2910	185	1081	89,7	181	2,01783723522854
2900	335	1092	89,7	331	3,69007803790412
2890	520	1102	89,4	516	5,77181208053691
2880	730	1113	89,1	726	8,14814814814815
2870	955	1124	88,8	951	10,7094594594595
2860	1220	1134	88,8	1216	13,6936936936937
2850	1500	1145	88,6	1496	16,8848758465011
2840	1780	1156	88,1	1776	20,1589103291714
2830	2080	1167	87,8	2076	23,6446469248292
2820	2350	1177	87,3	2346	26,872852233677
2810	2670	1188	86,7	2666	30,7497116493656
2800	2990	1199	86,2	2986	34,6403712296984
2790	3290	1210	85,7	3286	38,343057176196
2780	3600	1220	85,2	3596	42,206572769953
2770	3790	1231	84,5	3786	44,8047337278107
2760	3900	1242	83,7	3896	46,547192353644
2750	3990	1253	82,9	3986	48,0820265379976
2740	3990	1263	82,2	3986	48,4914841849148
2730	3900	1274	81,2	3896	47,9802955665025
2720	3800	1284	80,3	3796	47,2727272727273
2710	3650	1295	79,5	3646	45,8616352201258
2700	3600	1306	78,7	3596	45,6925031766201
2690	3480	1317	77,9	3476	44,6213093709884
2680	3400	1327	77,2	3396	43,9896373056995
2670	3300	1338	76,2	3296	43,254593175853
2660	3200	1349	75,3	3196	42,4435590969456
2650	3100	1359	74,6	3096	41,5013404825737
2640	3000	1370	73,9	2996	40,5412719891746
2630	2950	1381	72,4	2946	40,6906077348066
2620	2900	1391	71,7	2896	40,3905160390516
2610	2800	1402	70,8	2796	39,4915254237288
2600	2720	1413	69,7	2716	38,9670014347202
2590	2690	1424	68,8	2686	39,0406976744186
2580	2600	1431	68,3	2596	38,00878477306
2570	2540	1442	67,7	2536	37,4593796159527
2560	2490	1452	67,1	2486	37,0491803278689
2550	2420	1463	66,2	2416	36,4954682779456
2540	2400	1474	65,1	2396	36,8049155145929
2530	2310	1485	64,3	2306	35,8631415241058
2520	2290	1495	63,5	2286	36
2510	2220	1506	62,7	2216	35,3429027113238
2500	2190	1517	61,6	2186	35,487012987013
2490	2120	1527	60,8	2116	34,8026315789474
2480	2100	1538	59,9	2096	34,991652754591
2470	2050	1549	59,3	2046	34,5025295109612
2460	2000	1559	58,4	1996	34,1780821917808
2450	1955	1570	57,6	1951	33,8715277777778
2440	1900	1581	56,9	1896	33,3216168717047
2430	1890	1592	56,2	1886	33,55871886121
2420	1800	1602	55,6	1796	32,3021582733813
2410	1790	1613	54,7	1786	32,6508226691042
2400	1710	1624	54,1	1706	31,5341959334566
2390	1690			1686	--
